{
 "templeR0032": [
  [
   1.0,
   0.0,
   0.0,
   0.0
  ],
  [
   0.0,
   1.0,
   0.0,
   0.0
  ],
  [
   0.0,
   0.0,
   1.0,
   0.0
  ]
 ],
 "templeR0047": [
  [
   0.9999209260556872,
   -0.003938923868438277,
   -0.011942634328131215,
   0.2327893659496674
  ],
  [
   0.0033627388936085245,
   0.9988470485897046,
   -0.047888051858156803,
   0.9711977691884892
  ],
  [
   0.012117492441516975,
   0.04784410520006359,
   0.998781311386299,
   0.05083310165683251
  ]
 ],
 "templeR0033": [
  [
   0.9998747325580184,
   0.009663652453214416,
   -0.012535270770697856,
   0.24657723368216944
  ],
  [
   -0.008566563413780915,
   0.996361123326141,
   0.08480050657601082,
   -1.7230496900184695
  ],
  [
   0.013309139089696947,
   -0.0846824996415072,
   0.9963190960084812,
   0.06393897456789092
  ]
 ],
 "templeR0034": [
  [
   0.9997421407441146,
   0.020292251876316825,
   0.010191983818820702,
   -0.1893772989534713
  ],
  [
   -0.022002691833002155,
   0.9766312489673392,
   0.21379262169821714,
   -4.346541465939804
  ],
  [
   -0.005615476157631435,
   -0.2139617443710047,
   0.9768258997248384,
   0.34180709473316634
  ]
 ],
 "templeR0035": [
  [
   0.9993098217937466,
   0.03691880807178485,
   0.00410873181276223,
   -0.07193737196767583
  ],
  [
   -0.036210328376873144,
   0.9434631739562553,
   0.3294936289326817,
   -6.708097084527131
  ],
  [
   0.008288074890437872,
   -0.3294149981390457,
   0.9441488583987501,
   0.9956307677876036
  ]
 ],
 "templeR0046": [
  [
   0.9998212306171976,
   -0.01738414974192444,
   -0.00743627224237775,
   0.144007068871947
  ],
  [
   0.01548265684990948,
   0.9784787401985595,
   -0.20576598921179323,
   4.142831039805456
  ],
  [
   0.01085330106374832,
   0.20561407130152887,
   0.9785729709831706,
   0.5102747397558525
  ]
 ],
 "templeR0045": [
  [
   0.9992980390034424,
   -0.03459675607142318,
   -0.01436988911609634,
   0.27016148078316216
  ],
  [
   0.02734524125640551,
   0.9358133826078094,
   -0.35143356514817803,
   7.069735607169868
  ],
  [
   0.025605995870175383,
   0.3507939244078554,
   0.9361025347546242,
   1.382909816936583
  ]
 ],
 "templeR0036": [
  [
   0.9985791485428697,
   0.052416103980559375,
   0.009603964748821086,
   -0.1810632516787264
  ],
  [
   -0.051194067815153455,
   0.8935864986924146,
   0.4459622593618981,
   -9.082516089994366
  ],
  [
   0.014793630924654027,
   -0.44582027925850415,
   0.8950002385954624,
   1.9635202594561312
  ]
 ],
 "templeR0044": [
  [
   0.9988238799899596,
   -0.047843476422214634,
   -0.007865019112492261,
   0.13680032548988055
  ],
  [
   0.03812657002016817,
   0.8752333971107845,
   -0.4821958784979533,
   9.701672778880072
  ],
  [
   0.029953654539973756,
   0.4813288920745904,
   0.8760281252528067,
   2.615205028203238
  ]
 ],
 "templeR0037": [
  [
   0.9975263339640688,
   0.06830136035844044,
   0.016617377091210174,
   -0.3268953011419161
  ],
  [
   -0.06574193566899471,
   0.8228040795077959,
   0.5645099154486326,
   -11.490133460659889
  ],
  [
   0.02488394949960268,
   -0.5642059649795588,
   0.8252590006408813,
   3.302727974929326
  ]
 ],
 "templeR0038": [
  [
   0.9962961455814501,
   0.08114339722553865,
   0.028455920056194798,
   -0.5619295580798771
  ],
  [
   -0.07937935266388921,
   0.7406723718979638,
   0.6671606672142074,
   -13.585525230403235
  ],
  [
   0.03305916923045717,
   -0.6669484137425794,
   0.7443701396053237,
   4.933590783563089
  ]
 ],
 "templeR0043": [
  [
   0.9980422267908806,
   -0.0625295479576907,
   -0.001330103194155656,
   -0.0013661809173453985
  ],
  [
   0.04927869162013542,
   0.7992837841182183,
   -0.598929914929843,
   12.048149698184009
  ],
  [
   0.038513946753193695,
   0.5976918002431255,
   0.8008003420501416,
   4.154087936031151
  ]
 ],
 "templeR0039": [
  [
   0.9950180517092979,
   0.08984200756602599,
   0.04321447036744717,
   -0.8591788017358423
  ],
  [
   -0.09120536407475126,
   0.6452861211006667,
   0.7584770289724323,
   -15.453250972493045
  ],
  [
   0.04025740101676847,
   -0.7586397271375669,
   0.6502654120219015,
   6.792299346972467
  ]
 ],
 "templeR0042": [
  [
   0.9970816339478876,
   -0.07585070277518062,
   0.008653677387199382,
   -0.20669657724920842
  ],
  [
   0.06004080277111563,
   0.7091034756972586,
   -0.7025434952774579,
   14.12669618458507
  ],
  [
   0.04715206513410111,
   0.7010127899279575,
   0.7115881892717241,
   5.975953067855795
  ]
 ],
 "templeR0013": [
  [
   -0.9956228977436645,
   0.09327425142379564,
   -0.005912656749646195,
   0.48931110510460335
  ],
  [
   -0.06725565282646129,
   -0.6710948234046497,
   0.7383145773736075,
   -15.26736289413968
  ],
  [
   0.06489778618254315,
   0.7354805585607362,
   0.6744305934103172,
   6.698132324486522
  ]
 ],
 "templeR0014": [
  [
   -0.9941194983506658,
   0.10656785097783944,
   -0.019228003978196483,
   0.7615154703821353
  ],
  [
   -0.07626038609660526,
   -0.5629027674146828,
   0.8229974653358832,
   -16.959790525508602
  ],
  [
   0.07688157458986664,
   0.8196241623908221,
   0.5677195222235418,
   8.86190294252236
  ]
 ],
 "templeR0015": [
  [
   -0.9920900501592982,
   0.12073617005590191,
   -0.03435272354782935,
   1.0725006048881052
  ],
  [
   -0.08409735249363907,
   -0.436104179333888,
   0.8959580236099661,
   -18.405946986794604
  ],
  [
   0.0931931739908126,
   0.8917600136851552,
   0.4428082094019594,
   11.401910640918306
  ]
 ],
 "templeR0016": [
  [
   -0.9908974834768534,
   0.1232362707607813,
   -0.054175629283051335,
   1.47437589293977
  ],
  [
   -0.08986202808837697,
   -0.3058782662050964,
   0.9478202900187398,
   -19.423309210109938
  ],
  [
   0.10023469033764187,
   0.9440610720882097,
   0.3141682654575054,
   14.051116118764456
  ]
 ],
 "templeR0017": [
  [
   -0.9894904483882805,
   0.12717547330610646,
   -0.06881171076006981,
   1.7649488209330169
  ],
  [
   -0.09260623522309044,
   -0.1918694169560533,
   0.9770415610580491,
   -20.003945748912354
  ],
  [
   0.11105286014401136,
   0.9731456858180648,
   0.2016301972114357,
   16.288161880070835
  ]
 ],
 "templeR0018": [
  [
   -0.9900608451039761,
   0.11378216806607572,
   -0.08266281644236388,
   2.0300718000492415
  ],
  [
   -0.09228818281344725,
   -0.08209647002975284,
   0.9923422095837937,
   -20.31100467976729
  ],
  [
   0.10612452263728862,
   0.9901079677685851,
   0.09178125002510318,
   18.559482251694885
  ]
 ],
 "templeR0019": [
  [
   -0.9890759654573598,
   0.11303638205443584,
   -0.09461242458913774,
   2.2664786773524432
  ],
  [
   -0.0954838465210211,
   -0.0023080388034814048,
   0.9954283038021532,
   -20.4218845216778
  ],
  [
   0.11230124490913601,
   0.9935881688551476,
   0.013075974263243806,
   20.102188299624906
  ]
 ],
 "templeR0020": [
  [
   -0.9883507856554326,
   0.10948060536177771,
   -0.10572001486902982,
   2.487347628216585
  ],
  [
   -0.09842756545736232,
   0.07001245838645498,
   0.9926783316003331,
   -20.426455107237874
  ],
  [
   0.11608074281475741,
   0.991520172623988,
   -0.058420958801363776,
   21.592478061566222
  ]
 ],
 "templeR0021": [
  [
   -0.9862579304255017,
   0.11522045496593003,
   -0.11840414448088522,
   2.752844762761037
  ],
  [
   -0.09864174787791616,
   0.16424596734629604,
   0.9814749450628216,
   -20.228541253995992
  ],
  [
   0.13253339295587313,
   0.9796670398497253,
   -0.15062334076656458,
   23.439728120320257
  ]
 ],
 "templeR0022": [
  [
   -0.9798882905438078,
   0.141160623505093,
   -0.1410411869873035,
   3.2392595555602175
  ],
  [
   -0.10068310125624251,
   0.2604920918421756,
   0.9602118428810967,
   -19.815099213929606
  ],
  [
   0.17228421627229623,
   0.9551008053914206,
   -0.24104066122565282,
   25.2678873546341
  ]
 ],
 "templeR0023": [
  [
   -0.9795764988069713,
   0.12754250751513785,
   -0.1554438540497077,
   3.5293628405035213
  ],
  [
   -0.09794596535552272,
   0.3724792969740962,
   0.9228573894141268,
   -19.05080429849997
  ],
  [
   0.17560316300013099,
   0.9192345087639135,
   -0.3523796915855336,
   27.560528677997183
  ]
 ],
 "templeR0024": [
  [
   -0.9765965654306236,
   0.1254406933057302,
   -0.17471056308102137,
   3.9252180821241276
  ],
  [
   -0.09353149989961237,
   0.48378426672205754,
   0.8701750638800965,
   -17.96639422256585
  ],
  [
   0.19367758495922707,
   0.8661509197219495,
   -0.46072939709680183,
   29.782311212062545
  ]
 ],
 "templeR0025": [
  [
   -0.9757203309282513,
   0.11257365804403208,
   -0.187874977918426,
   4.1928295967361455
  ],
  [
   -0.08717811032387826,
   0.5872985146873693,
   0.8046616877460789,
   -16.61960450883118
  ],
  [
   0.20092240515587462,
   0.8015033538049582,
   -0.5632251423239049,
   31.860027049217628
  ]
 ],
 "templeR0026": [
  [
   -0.9748650721944775,
   0.1002099210330227,
   -0.19898759444199418,
   4.423117088981652
  ],
  [
   -0.07805897391440228,
   0.6829007528623169,
   0.7263286847781177,
   -15.01484529134648
  ],
  [
   0.20867411820033374,
   0.723605233166977,
   -0.6579138081289051,
   33.84716074991979
  ]
 ],
 "templeR0027": [
  [
   -0.9711447939161653,
   0.0906934170254194,
   -0.22057310207226596,
   4.857900424928024
  ],
  [
   -0.07338761722123939,
   0.7663521742788945,
   0.6382151695287414,
   -13.206563922138765
  ],
  [
   0.22691859088254038,
   0.6359866736703409,
   -0.7375831505841343,
   35.39233472009859
  ]
 ],
 "templeR0028": [
  [
   -0.9699754932159612,
   0.07065136888747074,
   -0.23271425962922726,
   5.109099813814089
  ],
  [
   -0.0680424979454111,
   0.8398249792707825,
   0.538576106661053,
   -11.164505607008198
  ],
  [
   0.2334903874548192,
   0.5382400842255766,
   -0.8098023528608957,
   36.884925673702774
  ]
 ],
 "templeR0029": [
  [
   -0.9679013187043827,
   0.05533472544010372,
   -0.245163425923985,
   5.363209332462514
  ],
  [
   -0.058466048239291746,
   0.8991289214675335,
   0.43376134427114527,
   -9.013526298751025
  ],
  [
   0.24443559162609224,
   0.434171913809609,
   -0.8670328660467859,
   38.044317194761824
  ]
 ],
 "templeR0001": [
  [
   -0.9673625764715432,
   0.036729832130997675,
   -0.2507200930798456,
   5.473379277647054
  ],
  [
   -0.04873236946236906,
   0.9440024203325982,
   0.3263197612354791,
   -6.811464479433855
  ],
  [
   0.2486660447445949,
   0.3278877091899385,
   -0.9114026817786162,
   38.92359406716204
  ]
 ],
 "templeR0030": [
  [
   -0.9681784092554331,
   0.03543950595724256,
   -0.2477389942441957,
   5.418064708670513
  ],
  [
   -0.050277935417923164,
   0.9421948590143794,
   0.331271756805473,
   -6.914982501952701
  ],
  [
   0.24515851415304796,
   0.3331859676882864,
   -0.9104308946174278,
   38.82505602205524
  ]
 ],
 "templeR0031": [
  [
   -0.9783293343222255,
   0.027662221757772564,
   -0.20519872098055317,
   4.557695347715841
  ],
  [
   -0.0332591151272065,
   0.9571719074217158,
   0.28760349598645313,
   -6.060091174337944
  ],
  [
   0.20436620284574045,
   0.2881956646622193,
   -0.9355093340017059,
   39.05384715491538
  ]
 ],
 "templeR0002": [
  [
   -0.9786399812784519,
   0.03332861773878318,
   -0.20286199812417632,
   4.500588091505996
  ],
  [
   -0.01765199533867906,
   0.9695042357414612,
   0.2444380165602878,
   -5.205433233397398
  ],
  [
   0.2048223476671296,
   0.24279773499558505,
   -0.9482072905104343,
   39.22984354145378
  ]
 ],
 "templeR0003": [
  [
   -0.9847037929483795,
   0.02626028553671176,
   -0.1722464442495272,
   3.881408842622615
  ],
  [
   -0.0003419436056055474,
   0.9882839201954035,
   0.15262626300141197,
   -3.3944471305022597
  ],
  [
   0.17423640040946006,
   0.1503505586512267,
   -0.9731579451895866,
   39.514757082497994
  ]
 ],
 "templeR0004": [
  [
   -0.977948265836839,
   0.02799424244869486,
   -0.20696258535407525,
   4.5814206129859185
  ],
  [
   0.01981455204063271,
   0.9989423921659847,
   0.04149072982158787,
   -1.195873594568476
  ],
  [
   0.20790520165245563,
   0.036474916359364465,
   -0.9774686734634666,
   39.98262618088916
  ]
 ],
 "templeR0005": [
  [
   -0.9816270170108707,
   0.018901925473314242,
   -0.18987131612684685,
   4.233377460265402
  ],
  [
   0.02675395052228978,
   0.9988858005097889,
   -0.038876518251616816,
   0.3714054374145963
  ],
  [
   0.1889249205525587,
   -0.043242048440362994,
   -0.9810389898678292,
   39.992308241314575
  ]
 ],
 "templeR0012": [
  [
   -0.9916885919995252,
   -0.11723652164982451,
   -0.05300315546691006,
   1.3873718694068842
  ],
  [
   0.1023586238278178,
   -0.46930498576049506,
   -0.8770835436082568,
   17.468203791962488
  ],
  [
   0.07795157872727465,
   -0.8752190744789511,
   0.47740456956561905,
   10.267822542739461
  ]
 ],
 "templeR0011": [
  [
   -0.9903978790215675,
   -0.11933238738683026,
   -0.06979844231886609,
   1.7292043248124578
  ],
  [
   0.10760440114376914,
   -0.34843225779774323,
   -0.9311370761496172,
   18.585784732043965
  ],
  [
   0.0867947814333985,
   -0.9297068048834141,
   0.3579272591873972,
   12.60532132229306
  ]
 ],
 "templeR0010": [
  [
   -0.9887767178384759,
   -0.1234659554605587,
   -0.08412348128068935,
   2.0149485508966247
  ],
  [
   0.11024792731445725,
   -0.2229874410776268,
   -0.9685669804636737,
   19.368824085166708
  ],
  [
   0.10082656784517317,
   -0.9669709193992669,
   0.2340966557913623,
   15.120297797539912
  ]
 ],
 "templeR0009": [
  [
   -0.9876747007478537,
   -0.12052825326648,
   -0.09985802755496846,
   2.3294022231405744
  ],
  [
   0.11159733120936574,
   -0.09492693402908303,
   -0.989209236139041,
   19.81331950325113
  ],
  [
   0.10974844495292273,
   -0.988160825655606,
   0.10720756255995167,
   17.67004105788461
  ]
 ],
 "templeR0008": [
  [
   -0.9869154042283759,
   -0.11468331642252577,
   -0.1133389687224672,
   2.5981940393585146
  ],
  [
   0.1092002310626922,
   0.04176959626777943,
   -0.9931417876433766,
   19.91017974174811
  ],
  [
   0.11863091684968217,
   -0.9925235703810553,
   -0.028699613332695884,
   20.382380939973224
  ]
 ],
 "templeR0007": [
  [
   -0.9834462100677902,
   -0.11898851605435418,
   -0.13665754626248314,
   3.072297348507999
  ],
  [
   0.11375542760149954,
   0.18161688687876076,
   -0.976767633110182,
   19.585094622275324
  ],
  [
   0.14104344931438687,
   -0.9761439645091547,
   -0.16507484956179708,
   23.174907105697024
  ]
 ],
 "templeR0006": [
  [
   -0.9805716371857922,
   -0.11351302627600816,
   -0.15998142771096116,
   3.5465383865467315
  ],
  [
   0.11664139537614764,
   0.31831182854452156,
   -0.9407828467257189,
   18.863969239330924
  ],
  [
   0.15771508878823362,
   -0.9411654332126231,
   -0.29888723307330234,
   25.87733739664831
  ]
 ],
 "templeR0040": [
  [
   0.9818633495157305,
   0.08860155658230526,
   0.16761302768264466,
   -3.3749850484530444
  ],
  [
   -0.12548423657756783,
   -0.3590186057574938,
   0.924856392685097,
   -18.96492329334686
  ],
  [
   0.14211991151241063,
   -0.9291153883620364,
   -0.3413891121002056,
   26.673514141391482
  ]
 ],
 "templeR0041": [
  [
   0.9780736358020226,
   0.0884594807067732,
   0.18853881091727476,
   -3.8012199376544666
  ],
  [
   -0.12531694667379276,
   -0.4730789243817534,
   0.8720619210710674,
   -17.905473084847973
  ],
  [
   0.16633588255505682,
   -0.8765678819001361,
   -0.45162055156484976,
   28.916137402645294
  ]
 ]
}