{
 "templeR0032": [
  [
   1.0,
   0.0,
   0.0,
   0.0
  ],
  [
   0.0,
   1.0,
   0.0,
   0.0
  ],
  [
   0.0,
   0.0,
   1.0,
   0.0
  ]
 ],
 "templeR0047": [
  [
   0.9999209260556872,
   -0.003938923868438277,
   -0.011942634328131215,
   0.2327893659496674
  ],
  [
   0.0033627388936085245,
   0.9988470485897046,
   -0.047888051858156803,
   0.9711977691884892
  ],
  [
   0.012117492441516975,
   0.04784410520006359,
   0.998781311386299,
   0.05083310165683251
  ]
 ],
 "templeR0033": [
  [
   0.9998747325768954,
   0.009663652321364402,
   -0.012535269366622573,
   0.24657720615121076
  ],
  [
   -0.008566563394665015,
   0.9963611232839378,
   0.08480050707380825,
   -1.7230496997389904
  ],
  [
   0.013309137683831485,
   -0.08468250015311078,
   0.9963190959837773,
   0.06393897497230391
  ]
 ],
 "templeR0034": [
  [
   0.9997421407427162,
   0.0202922516749399,
   0.010191984356938575,
   -0.18937730965359717
  ],
  [
   -0.02200269175231432,
   0.9766312489352471,
   0.21379262185312226,
   -4.346541469004482
  ],
  [
   -0.005615476722756611,
   -0.21396174453658856,
   0.9768258996853205,
   0.3418070968522656
  ]
 ],
 "templeR0035": [
  [
   0.9993098217972345,
   0.036918807921251774,
   0.004108732317043344,
   -0.07193738193316097
  ],
  [
   -0.036210328402335575,
   0.9434631740138076,
   0.32949362876508964,
   -6.708097081528398
  ],
  [
   0.008288074358643763,
   -0.32941499799108326,
   0.9441488584550427,
   0.995630767458034
  ]
 ],
 "templeR0046": [
  [
   0.9998212306171977,
   -0.017384149741924124,
   -0.007436272242375256,
   0.14400706887189915
  ],
  [
   0.015482656849909692,
   0.9784787401985597,
   -0.20576598921179207,
   4.142831039805434
  ],
  [
   0.010853301063745803,
   0.20561407130152776,
   0.9785729709831709,
   0.5102747397558467
  ]
 ],
 "templeR0045": [
  [
   0.9992980390034424,
   -0.03459675607142315,
   -0.014369889116095828,
   0.27016148078315205
  ],
  [
   0.027345241256405615,
   0.9358133826078088,
   -0.35143356514817975,
   7.069735607169902
  ],
  [
   0.025605995870174942,
   0.3507939244078571,
   0.9361025347546236,
   1.3829098169366014
  ]
 ],
 "templeR0036": [
  [
   0.9985791485466375,
   0.05241610378315753,
   0.00960396543442009,
   -0.1810632652093888
  ],
  [
   -0.051194067950498495,
   0.893586498877484,
   0.44596225897553243,
   -9.082516082978248
  ],
  [
   0.01479363020194907,
   -0.44582027891076625,
   0.8950002387806243,
   1.963520256875568
  ]
 ],
 "templeR0044": [
  [
   0.9988238799899596,
   -0.04784347642221469,
   -0.007865019112489508,
   0.1368003254898277
  ],
  [
   0.038126570020169503,
   0.8752333971107839,
   -0.48219587849795453,
   9.701672778880095
  ],
  [
   0.029953654539971414,
   0.48132889207459173,
   0.876028125252806,
   2.6152050282032553
  ]
 ],
 "templeR0037": [
  [
   0.9975263339649676,
   0.0683013601916663,
   0.016617377722742594,
   -0.3268953136302358
  ],
  [
   -0.06574193590056784,
   0.8228040797850982,
   0.5645099150174809,
   -11.490133453043194
  ],
  [
   0.024883948851773276,
   -0.5642059645953471,
   0.8252590009230898,
   3.302727970371036
  ]
 ],
 "templeR0038": [
  [
   0.9962961455704764,
   0.08114339725244761,
   0.02845592036367127,
   -0.5619295642652073
  ],
  [
   -0.07937935290183255,
   0.7406723721387135,
   0.6671606669186197,
   -13.585525225754582
  ],
  [
   0.03305916898983473,
   -0.6669484134719436,
   0.7443701398584974,
   4.933590779597799
  ]
 ],
 "templeR0043": [
  [
   0.998042226772493,
   -0.0625295482381548,
   -0.001330103806447911,
   -0.0013661688122964615
  ],
  [
   0.049278691493970087,
   0.7992837843629766,
   -0.5989299146135888,
   12.048149691940782
  ],
  [
   0.03851394739111763,
   0.5976917998864723,
   0.8008003422856558,
   4.154087930646083
  ]
 ],
 "templeR0039": [
  [
   0.9950180517039782,
   0.0898420074298268,
   0.043214470773090916,
   -0.8591788098908266
  ],
  [
   -0.09120536430033725,
   0.6452861212017501,
   0.7584770288593078,
   -15.453250971706408
  ],
  [
   0.040257400637176644,
   -0.7586397270677164,
   0.6502654121268935,
   6.792299345877899
  ]
 ],
 "templeR0042": [
  [
   0.9970816339413359,
   -0.0758507029249422,
   0.008653676829417888,
   -0.20669656624515
  ],
  [
   0.06004080251921049,
   0.7091034762026456,
   -0.7025434947888799,
   14.126696174937667
  ],
  [
   0.04715206559340752,
   0.701012789400533,
   0.7115881897608748,
   5.975953057586314
  ]
 ],
 "templeR0013": [
  [
   -0.9956228977271673,
   0.09327425164361444,
   -0.005912656059866978,
   0.48931109148382723
  ],
  [
   -0.06725565252012014,
   -0.6710948240358221,
   0.7383145768278057,
   -15.267362883348202
  ],
  [
   0.06489778675310469,
   0.7354805579569406,
   0.6744305940138658,
   6.698132311936782
  ]
 ],
 "templeR0014": [
  [
   -0.9941194983031516,
   0.10656785163195137,
   -0.01922800280946079,
   0.7615154474841667
  ],
  [
   -0.07626038560105997,
   -0.5629027684479847,
   0.8229974646750573,
   -16.959790512458493
  ],
  [
   0.07688157569579251,
   0.8196241615961215,
   0.567719523221095,
   8.861902920233543
  ]
 ],
 "templeR0015": [
  [
   -0.9920900501469878,
   0.12073617047025836,
   -0.03435272244704654,
   1.0725005831937602
  ],
  [
   -0.08409735183153841,
   -0.43610418073290524,
   0.8959580229911465,
   -18.405946974581962
  ],
  [
   0.09319317471934063,
   0.8917600129448832,
   0.44280821073944887,
   11.401910613001942
  ]
 ],
 "templeR0016": [
  [
   -0.9908974834687188,
   0.12323627136705226,
   -0.05417562805272022,
   1.4743758687161228
  ],
  [
   -0.08986202727543152,
   -0.3058782678148453,
   0.9478202895763203,
   -19.42330920146052
  ],
  [
   0.10023469114687802,
   0.9440610714875052,
   0.3141682670044096,
   14.051116085848356
  ]
 ],
 "templeR0017": [
  [
   -0.9894904484148332,
   0.12717547373942698,
   -0.06881170957740067,
   1.7649487975115563
  ],
  [
   -0.09260623432725479,
   -0.19186941856231332,
   0.9770415608275244,
   -20.003945744374995
  ],
  [
   0.11105286065445495,
   0.9731456854447394,
   0.20163019873210952,
   16.288161848368212
  ]
 ],
 "templeR0018": [
  [
   -0.9900608451466156,
   0.11378216856344311,
   -0.0826628152470591,
   2.0300717763790166
  ],
  [
   -0.09228818183873458,
   -0.08209647168236711,
   0.9923422095377212,
   -20.311004678870905
  ],
  [
   0.10612452308712567,
   0.9901079675743985,
   0.091781251599788,
   18.559482218758152
  ]
 ],
 "templeR0019": [
  [
   -0.9890759655283884,
   0.11303638244826111,
   -0.09461242337609152,
   2.2664786531720518
  ],
  [
   -0.0954838454927944,
   -0.0023080404614560512,
   0.9954283038969388,
   -20.42188452353148
  ],
  [
   0.11230124515780984,
   0.9935881688064924,
   0.013075975824647368,
   20.102188266942296
  ]
 ],
 "templeR0020": [
  [
   -0.9883507857386261,
   0.10948060580526055,
   -0.1057200136320153,
   2.4873476035815347
  ],
  [
   -0.09842756438259433,
   0.07001245673016654,
   0.9926783318237166,
   -20.42645511159976
  ],
  [
   0.11608074301774002,
   0.9915201726919728,
   -0.05842095724420904,
   21.592478028958237
  ]
 ],
 "templeR0021": [
  [
   -0.986257930515567,
   0.11522045550286078,
   -0.11840414320818464,
   2.752844737477997
  ],
  [
   -0.09864174675219142,
   0.1642459656982368,
   0.981474945451757,
   -20.228541261601716
  ],
  [
   0.13253339312349757,
   0.9796670400628807,
   -0.150623339232689,
   23.439728088191476
  ]
 ],
 "templeR0022": [
  [
   -0.979888290641284,
   0.141160624149476,
   -0.14104118566515542,
   3.23925952937044
  ],
  [
   -0.1006831000943018,
   0.2604920902177631,
   0.9602118434436131,
   -19.815099224938805
  ],
  [
   0.1722842163969273,
   0.9551008057392221,
   -0.24104065975844324,
   25.26788732372784
  ]
 ],
 "templeR0023": [
  [
   -0.9795764986879696,
   0.1275425094284115,
   -0.15544385322978146,
   3.529362826031243
  ],
  [
   -0.09794596414513908,
   0.3724792956495251,
   0.9228573900772058,
   -19.050804311073367
  ],
  [
   0.1756031643390785,
   0.9192345090351736,
   -0.35237969021066695,
   27.560528649139123
  ]
 ],
 "templeR0024": [
  [
   -0.9765965654511373,
   0.12544069460549212,
   -0.17471056203313565,
   3.9252180622213597
  ],
  [
   -0.09353149862126368,
   0.4837842655083885,
   0.8701750646922546,
   -17.966394237843343
  ],
  [
   0.19367758547313377,
   0.8661509202115996,
   -0.4607293959602493,
   29.78231118769638
  ]
 ],
 "templeR0025": [
  [
   -0.9757203309002328,
   0.11257365964108189,
   -0.18787497710699524,
   4.192829582005582
  ],
  [
   -0.08717810902969718,
   0.5872985134886084,
   0.804661688761232,
   -16.619604528047912
  ],
  [
   0.20092240585346965,
   0.801503354459035,
   -0.563225141144257,
   31.860027023728517
  ]
 ],
 "templeR0026": [
  [
   -0.9748650722216395,
   0.10020992250126674,
   -0.19898759356951773,
   4.423117072782009
  ],
  [
   -0.07805897261061039,
   0.6829007516803237,
   0.726328686029559,
   -15.014845315234902
  ],
  [
   0.2086741185611513,
   0.7236052340791488,
   -0.6579138070112125,
   33.84716072567126
  ]
 ],
 "templeR0027": [
  [
   -0.9711447939457267,
   0.09069341856033442,
   -0.2205731013109984,
   4.857900411048418
  ],
  [
   -0.0733876159474442,
   0.7663521731680573,
   0.6382151710090772,
   -13.206563950548533
  ],
  [
   0.2269185911679834,
   0.6359866747899953,
   -0.7375831495308866,
   35.39233469725281
  ]
 ],
 "templeR0028": [
  [
   -0.9699754932768091,
   0.07065137040082618,
   -0.23271425891615724,
   5.1090998008488695
  ],
  [
   -0.06804249672173197,
   0.8398249782645829,
   0.5385761083846615,
   -11.164505640268729
  ],
  [
   0.2334903875586404,
   0.538240085596919,
   -0.8098023519194898,
   36.88492565260906
  ]
 ],
 "templeR0029": [
  [
   -0.9679013187707057,
   0.055334726973283,
   -0.24516342531609592,
   5.363209321664301
  ],
  [
   -0.05846604708398247,
   0.8991289205985765,
   0.43376134622809864,
   -9.013526336702318
  ],
  [
   0.24443559163980655,
   0.4341719154137346,
   -0.867032865239644,
   38.04431717640205
  ]
 ],
 "templeR0001": [
  [
   -0.967362576549541,
   0.03672983365561264,
   -0.2507200925555516,
   5.473379268518627
  ],
  [
   -0.04873236839522466,
   0.9440024196215302,
   0.32631976345187813,
   -6.811464522657043
  ],
  [
   0.24866604465030093,
   0.32788771106634756,
   -0.9114026811292832,
   38.92359405165055
  ]
 ],
 "templeR0030": [
  [
   -0.9681784093340149,
   0.035439507482723766,
   -0.24773899371887093,
   5.418064699523332
  ],
  [
   -0.050277934337325074,
   0.9421948583003292,
   0.33127175900036115,
   -6.914982544739535
  ],
  [
   0.2451585140643262,
   0.3331859695452432,
   -0.9104308939617372,
   38.82505600653992
  ]
 ],
 "templeR0031": [
  [
   -0.9783293343667285,
   0.027662223220879772,
   -0.20519872057113847,
   4.557695341012217
  ],
  [
   -0.03325911406848235,
   0.9571719067760908,
   0.2876034982575884,
   -6.060091218778699
  ],
  [
   0.20436620280499812,
   0.28819566666607116,
   -0.935509333393294,
   39.05384714075025
  ]
 ],
 "templeR0002": [
  [
   -0.9786399813099019,
   0.033328619183408494,
   -0.2028619977351163,
   4.500588085230327
  ],
  [
   -0.017651994327570218,
   0.9695042351544182,
   0.24443801896167255,
   -5.205433280585692
  ],
  [
   0.2048223476040015,
   0.24279773714138048,
   -0.9482072899746188,
   39.22984352896952
  ]
 ],
 "templeR0003": [
  [
   -0.9847037929612793,
   0.02626028692542157,
   -0.17224644396406155,
   3.881408838541857
  ],
  [
   -0.0003419426162369031,
   0.9882839198087519,
   0.15262626550726868,
   -3.3944471800787586
  ],
  [
   0.17423640033849777,
   0.1503505609502093,
   -0.9731579448471045,
   39.51475707472592
  ]
 ],
 "templeR0004": [
  [
   -0.9779482658791858,
   0.02799424390194133,
   -0.20696258495740705,
   4.581420606574638
  ],
  [
   0.019814552967033425,
   0.9989423920356845,
   0.04149073251632051,
   -1.1958736483073762
  ],
  [
   0.20790520136497292,
   0.03647491881256009,
   -0.9774686734330709,
   39.98262617852329
  ]
 ],
 "templeR0005": [
  [
   -0.9816270170444502,
   0.018901926888557595,
   -0.18987131581235303,
   4.233377455562594
  ],
  [
   0.026753951395316146,
   0.9988858005981668,
   -0.038876515380061864,
   0.37140537989549127
  ],
  [
   0.18892492025445382,
   -0.043242045780221235,
   -0.9810389900424904,
   39.99230824337604
  ]
 ],
 "templeR0012": [
  [
   -0.9916885919914438,
   -0.11723652159713202,
   -0.05300315573466346,
   1.3873718749084847
  ],
  [
   0.10235862402742221,
   -0.4693049856281717,
   -0.8770835436557651,
   17.468203794688506
  ],
  [
   0.07795157856798418,
   -0.875219074556963,
   0.4774045694486102,
   10.26782254610734
  ]
 ],
 "templeR0011": [
  [
   -0.9894549893058205,
   -0.127885754123074,
   -0.06800042669124436,
   1.6888670149135248
  ],
  [
   0.10928580642305911,
   -0.35106567068582484,
   -0.9299513467813108,
   18.56206058038406
  ],
  [
   0.0950549138776123,
   -0.9275764813525,
   0.36133977720344457,
   12.633309762811532
  ]
 ],
 "templeR0010": [
  [
   -0.9880532715207471,
   -0.12509324105067288,
   -0.09001340833779757,
   2.1355296908376338
  ],
  [
   0.11603553271052162,
   -0.21946615319647222,
   -0.9686951856748995,
   19.371313820172762
  ],
  [
   0.10142232390225685,
   -0.967567201100048,
   0.23135951151764844,
   15.26107750045408
  ]
 ],
 "templeR0009": [
  [
   -0.9849157002158494,
   -0.13453242639396212,
   -0.10882136608624352,
   2.5159821487906715
  ],
  [
   0.12051890498284869,
   -0.08208211903922691,
   -0.989311740188989,
   19.813135167235266
  ],
  [
   0.12416222054255535,
   -0.9875036971994504,
   0.09705766846240726,
   17.98822107553062
  ]
 ],
 "templeR0008": [
  [
   -0.9826411696930868,
   -0.13117701216538852,
   -0.13118278508845416,
   2.9668538650027303
  ],
  [
   0.12407023302179909,
   0.06103359031368982,
   -0.9903946072810256,
   19.85621172963969
  ],
  [
   0.13792356180913584,
   -0.9894783940707256,
   -0.04369895610994978,
   20.81196047932092
  ]
 ],
 "templeR0007": [
  [
   -0.9788707753613948,
   -0.1341083886211051,
   -0.1543597915418149,
   3.4388395114782577
  ],
  [
   0.12496409104176585,
   0.2051746800501889,
   -0.9707148534025882,
   19.477953260706446
  ],
  [
   0.16185172564259903,
   -0.9694938322484334,
   -0.18408076526014217,
   23.660921766625062
  ]
 ],
 "templeR0006": [
  [
   -0.9771054326002113,
   -0.12205922205414824,
   -0.17425992050580663,
   3.8458254162533363
  ],
  [
   0.1236787581710328,
   0.3405803215421206,
   -0.9320453901798651,
   18.71531857602669
  ],
  [
   0.1731142350022814,
   -0.9322588647418708,
   -0.31768674940855346,
   26.303445513234426
  ]
 ],
 "templeR0040": [
  [
   0.9775754181791808,
   0.10858714876392289,
   0.1804304101173676,
   -3.6388687135789435
  ],
  [
   -0.12453600105206306,
   -0.3928174942897448,
   0.9111449942911867,
   -18.7192084091825
  ],
  [
   0.16981485863657614,
   -0.9131830305602748,
   -0.37048571697569077,
   27.40288212068994
  ]
 ],
 "templeR0041": [
  [
   0.9756272779876916,
   0.09897966448339289,
   0.19584289740780153,
   -3.956064426963084
  ],
  [
   -0.11668402401040574,
   -0.5218424978647377,
   0.8450238138437461,
   -17.393615769836227
  ],
  [
   0.18583932034708578,
   -0.8472800206785512,
   -0.49757443018294967,
   29.955365274017826
  ]
 ]
}